76753
95126
11131
44935
67800
53331
77919
86234
85188
76656
15494
14295
85244
55379
24251
61656
70476
10516
71285
45440
33551
59557
24835
56748
14829
34764
73086
85287
31362
88166
79517
18521
12018
74416
35936
23494
89641
45053
57958
57276
76871
73236
73483
35029
48633
41087
87060
46988
47289
54687
60046
90595
31676
79850
74968
51500
45468
90904
47128
63690
29160
61066
10408
39090
80660
95932
91445
70541
20327
68128
69473
35216
65425
17124
49361
98911
32248
71916
67985
58052
84654
92195
19826
91412
42659
97501
70306
77830
71548
31361
22252
78237
68239
89488
93084
95719
99074
56826
82334
38164
1219796877